Date,Day,Cases,Daily,Previous,Deaths
3/10/2020,1,2,2,0,0
3/11/2020,2,2,0,2,0
3/12/2020,3,12,10,0,0
3/13/2020,4,25,13,10,0
3/14/2020,5,33,8,13,0
3/15/2020,6,53,20,8,0
3/16/2020,7,54,1,20,0
3/17/2020,8,65,11,1,0
3/18/2020,9,110,55,11,1
3/19/2020,10,334,224,55,3
3/20/2020,11,549,215,224,4
3/21/2020,12,807,258,215,8
3/22/2020,13,1065,258,258,9
3/23/2020,14,1328,263,258,15
3/24/2020,15,1791,463,263,24
3/25/2020,16,2294,507,463,43
3/26/2020,16,NA,NA,507,NA
